world: 94b0a8f9-6d31-449f-8593-b4bcaf7388e3
world-name: spawn
x: 26.530105453193002
y: -17.0
z: -2.46591356996529
yaw: -89.3861083984375
pitch: 4.175498962402344
name: donatecase
lastowner: 31fcfdd9-58e9-3d7c-893a-c80441ef34dc
