world: 94b0a8f9-6d31-449f-8593-b4bcaf7388e3
world-name: spawn
x: -4.967143385238463
y: -19.0
z: 18.49696880908022
yaw: -28.117443084716797
pitch: 9.978882789611816
name: itemcase
lastowner: 31fcfdd9-58e9-3d7c-893a-c80441ef34dc
