world: 94b0a8f9-6d31-449f-8593-b4bcaf7388e3
world-name: spawn
x: -22.73197395135104
y: -18.0
z: -13.392075263824847
yaw: 177.0956268310547
pitch: -0.009110860526561737
name: rghelp
lastowner: 31fcfdd9-58e9-3d7c-893a-c80441ef34dc
