world: 94b0a8f9-6d31-449f-8593-b4bcaf7388e3
world-name: spawn
x: 11.5206625147609
y: -18.0
z: -12.4720422644178
yaw: -87.2451171875
pitch: 0.46497029066085815
name: shop
lastowner: 31fcfdd9-58e9-3d7c-893a-c80441ef34dc
