world: 94b0a8f9-6d31-449f-8593-b4bcaf7388e3
world-name: spawn
x: 12.202954061264915
y: -18.0
z: -13.297187884310285
yaw: -123.6026611328125
pitch: 1.2952995300292969
name: ah
lastowner: 31fcfdd9-58e9-3d7c-893a-c80441ef34dc
