world: 94b0a8f9-6d31-449f-8593-b4bcaf7388e3
world-name: spawn
x: -16.54894404160595
y: -21.0
z: 7.8563827783381806
yaw: -0.562744140625
pitch: -18.404720306396484
name: top
lastowner: 31fcfdd9-58e9-3d7c-893a-c80441ef34dc
