world: 94b0a8f9-6d31-449f-8593-b4bcaf7388e3
world-name: spawn
x: -16.491660291955206
y: -21.0
z: 7.379580263756359
yaw: -0.991546630859375
pitch: -8.220368385314941
name: top
lastowner: 31fcfdd9-58e9-3d7c-893a-c80441ef34dc
